n0=-42; n1=6; min=-42; max=6
f0=-66.599998; f1=4.200000; min=-66.599998; max=4.200000
