vec=(1.000000,2.000000,3.000000); s0.n=666; s1.n=69; s1.s=<fuck>
vec=(0.000000,0.000000,0.000000); s0.n=666; s1.n=0; s1.s=<>
