i=42; f=666.000000
i=42; f=666.000000
i=666; f=42.000000
i=666; f=42.000000
v=(1.000000,2.000000,3.000000)
